10
5 4 10 2
39
1 2 9 2 1
1 2 5 2 1
1 4 2 2 1 
2 2 5 2 1 
2 2 10 2 1
2 4 1 2 1
3 4 5 4 1
3 4 4 2 1
3 4 6 2 1
3 2 4 4 1
3 2 6 2 1
4 4 5 4 1
4 4 3 2 1
4 4 6 2 1
4 2 3 4 1
4 2 6 2 1
5 4 1 4 1
5 4 2 4 1
5 2 4 2 1
5 2 3 2 1
5 2 6 2 1
6 1 8 4 1
6 1 3 4 1
6 1 4 4 1
6 1 5 4 1
6 3 7 4 1
6 3 3 4 1
6 3 5 4 1
6 3 4 4 1
6 2 8 4 1
6 2 7 4 1
7 4 9 4 3
7 2 6 1 1
8 4 9 4 1
8 2 6 3 1
9 4 1 4 1
9 2 8 2 1
9 2 7 2 3
10 4 2 2 1

5
5 8 7 3 10

5
4 1 5 1
3
2 5 4
6
2 1 1 1 2
1 1 3 1 2
3 1 4 1 2
4 1 5 1 2
3 1 5 1 2
5 1 2 1 2
